X map pmap
1 531000 563000
2 531000 297000
3 531000 188000
4 578000 187000
5 593000 141000
6 640000 141000
7 609000 125000
8 531000 141000
9 547000 125000
10 641000 125000
11 546000 125000
12 531000 125000
13 562000 141000
14 562000 125000
15 610000 125000
16 532000 125000
17 593000 125000
18 578000 141000
19 578000 125000
20 562000 125000
21 703000 141000
22 593000 141000
23 719000 141000
24 625000 125000
25 640000 141000
26 609000 156000
27 609000 157000
28 656000 125000
29 610000 125000
30 704000 156000
31 641000 125000
32 672000 141000
